9316
6579
2822
461
1381
7999
2131
5635
1640
3579
1605
2581
9612
5478
6863
7712
8826
8530
5433
6308
3408
8228
391
5195
3944
7276
5657
5990
3169
6313
15
427
2993
4745
9912
2909
1837
7077
5563
3148
5263
8589
970
3533
3502
1778
6081
1668
6639
1587
8506
8441
1916
3105
2967
5928
7916
191
8961
7450
7242
7226
997
4194
2682
9106
1212
8939
1855
6488
1176
7642
1859
4274
8229
3891
8508
1414
1881
9597
4460
9156
7425
7641
6694
3114
7220
8684
6634
1691
4891
4861
5521
9761
4064
7636
3571
1816
1213
5773
3914
3250
1690
2043
1338
1922
9058
4104
1475
4676
496
5765
8210
5144
5236
9790
5812
9777
8708
2305
7584
8855
2433
1939
4664
7951
8547
3862
7018
3249
8289
55
3636
1000
5790
2353
490
7400
2054
4039
2871
227
9174
9145
3439
7678
1478
5965
8474
3018
8587
2758
2655
5906
5160
9150
7009
2537
3489
6296
5588
7131
8034
2519
3899
6681
5514
8870
6159
9412
195
767
9026
4909
1694
7764
6621
488
1757
3342
5381
4098
7253
602
7563
8715
8941
7742
9061
7042
9411
9280
614
8164
9089
5140
1445
9733
6151
9910
917
250
4790
8846
6865
6061
6386
5551
8954
6780
9829
8610
1595
1058
486
964
3778
1805
2141
6276
2476
6328
2582
1165
2235
2155
1471
795
5994
3784
8630
8025
1236
9043
1936
3102
1148
6335
6649
1680
2659
5617
2182
3875
1899
6657
8088
6005
2944
7851
8328
9665
7549
7664
1782
9911
1952
8640
7406
5420
1856
833
4416
8728
8164
7509
1475
3914
4203
1010
3963
2418
9780
792
5112
5070
8654
8812
5032
9891
3807
9679
1479
700
9202
4288
7576
1178
7676
6013
4658
2672
2037
7949
2899
1710
497
8211
8446
4997
8165
7801
3416
5468
3479
2206
4307
2861
2169
3536
5100
6268
1632
4774
3685
4089
5466
1477
4075
8925
1273
9152
2358
1081
4859
6451
1288
4561
455
5306
7040
3685
9709
9183
1713
6818
1840
9747
6923
6058
3552
379
7026
8228
134
2279
5353
2989
8471
5105
3209
8503
8616
9549
9333
3713
3063
3605
7004
8993
1853
7795
7059
3713
7292
7197
7698
83
4162
9664
6169
7523
80
369
3142
783
5900
2494
7915
8036
7932
2708
1490
2255
2134
7932
4940
327
5424
6807
2573
9559
778
5281
2866
503
882
769
5370
8356
9765
3448
8382
2577
3058
6446
514
5832
5310
8883
9033
8881
7133
7055
9283
7607
5857
9395
2395
2033
864
280
3016
4875
8761
6215
4845
8945
4201
5522
9402
8546
9280
9204
2611
9906
8176
6408
4593
9636
3962
2575
300
8224
1414
2204
2574
7666
2972
1025
4599
8448
5061
4255
5744
1338
8449
8651
3353
3680
9456
6093
3157
8232
8457
5531
2695
4976
8375
8346
5350
2785
8599
9361
7448
8344
9161
2073
7233
4316
5864
2028
2473
7359
9559
6666
2953
9350
1784
3496
5173
1886
4579
945
9206
5003
4457
7898
1843
5934
9208
8584
5924
2672
1528
9202
3054
137
5287
1501
5786
3812
8671
6355
5785
6877
3384
7340
6509
2036
671
265
2476
8556
2964
9684
2347
8304
4654
7522
9715
2018
6699
2120
3760
8461
7546
8230
1744
4642
7222
9812
6681
4880
2327
7833
6482
97
7149
4682
5347
6468
156
5330
4269
4287
5698
2870
5121
3786
7934
2745
2003
4470
7707
5567
4256
8558
3366
3245
7896
7082
3397
6882
6057
9305
2117
7786
4520
2257
9673
4869
5364
7380
4099
2672
354
5560
6302
4336
5829
148
8490
2908
2508
9938
2784
2586
6903
585
9538
8723
5848
3393
4232
1702
2007
5035
7721
5168
6193
393
7083
3534
1806
3395
3344
7137
7781
7524
7967
5998
9051
8482
2127
4731
7723
6387
1540
1833
3928
3846
4872
6316
2604
9257
5622
3443
1353
1771
5767
9186
4961
5501
4436
9963
4164
5743
6400
182
9806
9278
3288
5171
8664
4123
5056
1189
3912
1507
502
7393
1436
4300
3366
6852
3034
1636
4923
5020
8905
9065
4875
4427
4786
7193
9820
3778
3570
9481
2609
8132
7343
1655
6504
4386
3358
990
5196
2891
6690
3622
3476
1724
3054
2032
3625
4838
7584
2806
9438
9155
9238
6915
3210
8487
5956
855
973
4129
2682
7214
7821
2928
2920
7508
8229
3699
4654
8434
5968
1952
3102
5097
4407
1090
6073
1223
788
5464
2479
6890
7403
6945
950
8863
8527
2097
3421
7307
4391
1384
8082
5317
2570
5383
7135
4488
2693
5512
7423
584
2601
8374
6207
8244
2745
3510
89
2622
951
4101
2428
8890
1477
8924
3436
7586
724
1751
7615
4960
6939
1316
5169
2654
2745
929
7610
330
7478
1883
2902
8192
923
8922
2152
3737
1299
9186
8149
8515
8092
8309
5830
6220
4722
8627
6156
2996
6890
4829
7796
4474
9963
1797
5547
1800
2766
7875
447
637
5750
4341
4211
2979
8668
8502
9758
1513
6604
3453
390
195
3490
2331
2478
2742
9094
8655
396
2834
8849
7229
7867
5917
5902
1982
6921
2762
1257
8152
4181
9162
1001
6201
4373
4479
9267
4035
2596
4185
1781
2211
184
7936
7657
4102
3766
5297
6428
9243
3543
5766
3215
3491
4713
8421
7398
4003
5491
9198
9218
572
6240
591
4282
7380
6829
9388
8153
836
3569
2945
1897
9869
2779
3461
4753
4746
5390
2736
1926
9318
5848
6979
3938
9425
9024
2345
8910
7153
841
7138
705
6575
1893
5827
3939
1709
8459
3408
1554
1493
1992
5981
1829
9781
6444
4913
9516
582
2559
7459
138
66
9697
6275
7352
7239
8634
3928
822
4584
3331
6206
5994
8483
5711
9773
7851
6747
5094
5591
7799
7237
3171
9374
6620
7190
6106
4328
6686
7624
7694
9443
3455
1001
1374
8668
9728
3161
4342
2449
6054
2488
3996
3340
7265
250
5519
1614
8167
6100
9539
5188
1109
1829
484
515
4348
4661
9502
7601
2922
8581
638
2779
3093
8523
5333
7481
7316
7574
8251
9888
9178
1790
6931
9014
6767
718
8853
7603
8538
4230
2089
992
7904
7928
9962
4011
1481
26
5811
6963
1235
2363
1357
4700
2575
6986
963
9941
8899
7634
4588
3078
8026
2338
4188
5955
7500
9364
1912
6341
3860
3772
3545
3185
5593
5972
7365
91
740
6823
6805
5945
7904
6079
5150
7121
3724
2259
1857
5271
842
2406
3044
8371
7799
9593
3167
368
6382
4556
1018
6561
2504
5350
733
7683
3880
5555
7769
5514
1463
7231
486
6854
1905
9542
348
666
5146
7797
7579
5291
4637
483
4596
8789
7684
3815
6510
5654
9926
4303
6566
7415
1056
9888
4521
2984
8561
9305
7638
6982
2462
7514
7232
742
6833
2270
8525
1207
3216
3199
7931
7511
6956
118
9844
3687
9962
1755
4490
8632
2415
9506
9481
1249
1552
3426
338
9509
7820
9255
9412
7043
7388
5959
8438
9874
5326
2988
7197
8891
5565
5275
9721
729
2196
1850
9836
910
1618
847
9909
8258
6572
9713
177
8897
1215
4436
1188
1454
1030
5730
8581
2501
2590
3316
7658
2704
5988
1627
5035
9678
7066
1611
6031
3121
7532
3628
9399
1449
8455
5890
5487
6850
6737
1368
3
7454
4690
3633
3172
1128
52
8713
3268
5325
7478
5734
4251
1341
2812
3833
9561
9373
8322
6633
7984
2844
461
8442
2971
6602
1705
8245
3754
3803
4542
8565
5207
566
8783
6295
3503
5807
3036
1731
6307
6058
7383
207
9518
1522
7110
7961
7359
157
6650
170
9013
1127
8856
4448
2930
7631
7139
7521
9445
1812
7080
6298
3388
1209
9694
7070
1024
7074
712
8225
9827
9720
8919
2506
5350
5082
1927
4581
6781
9623
9569
8521
1625
7868
3511
7594
423
7922
6679
5765
4391
5595
7581
6214
2448
6977
2757
7296
9226
2665
5200
434
2327
4224
7844
7626
5367
4925
8973
8482
3146
2310
783
8016
6675
9730
3191
6751
8699
7638
2510
4151
4912
3110
8591
4866
2052
7858
4672
4816
1765
818
1299
766
8262
1278
9420
2718
8562
2496
8043
3169
6452
3730
8674
1086
5124
736
2181
1333
8936
885
3688
2170
1710
9280
7635
4464
7580
6526
8245
6286
481
7116
291
5675
115
9796
1280
2535
5444
7748
8942
7868
1576
6910
7282
4822
2318
5366
335
1432
8571
5362
5259
9319
2262
2207
5402
6126
6583
1117
9622
1998
5912
3834
6239
2043
2987
1805
8782
7367
6679
1616
5908
7028
980
1418
9793
2041
4746
4151
5624
438
2133
4526
9860
9292
5709
1902
6412
5631
7739
515
8027
3188
315
1784
4786
6054
1667
854
2872
3481
4234
987
4536
2321
9920
4899
4528
4853
9311
1770
9186
170
4572
2246
1839
6666
254
1496
2191
1672
2304
2136
7998
1853
3185
4660
4451
4568
221
2924
452
6064
5020
6171
1203
7146
4146
7111
3425
720
5101
7645
2874
8503
7086
9964
3862
6095
3051
969
6948
6603
8074
2210
4122
3065
9267
5886
433
9004
4066
9830
7230
4658
7032
869
4991
3631
110
6452
3029
1028
7651
9036
9305
9492
5457
6350
6026
3995
2597
3363
5743
9700
5833
8563
8272
9786
9079
7959
904
1713
4552
5138
3093
1102
7994
4648
2110
2134
7669
8998
7978
2144
5714
6640
4409
6001
874
9463
7468
2737
3630
3511
5166
2905
8314
5904
9346
182
1925
4296
5814
4853
6043
2565
9958
9971
6503
7910
2823
3244
5293
35
6985
8986
527
2681
2477
4831
3270
1409
479
7334
4514
9250
6511
9079
1650
3605
5497
7438
1417
3582
8184
1774
5495
6893
2143
1514
5665
9359
869
2284
7768
8092
1330
1084
7580
1513
3712
4345
7146
5496
7114
4633
7135
5148
1444
2758
9329
5985
8878
2070
3489
6610
7909
884
4539
7374
9218
7096
9245
5978
5389
6314
6400
1474
5845
1146
881
2709
4275
4595
9906
5897
8305
5002
9297
8718
183
3401
8654
5092
2868
6743
6918
5632
8055
2036
4058
3639
1377
7136
307
5495
5345
3633
1724
7295
2395
6121
9729
6660
8836
9951
2683
9805
5469
6520
9610
9146
2169
1146
9691
5990
1819
3585
6338
6204
3657
5399
1271
4109
7290
1545
2355
1357
6451
5777
8705
3012
5874
768
7974
2670
5621
4225
3674
2092
4622
1667
4881
8507
9240
5056
6731
4538
3285
3997
7759
1527
3020
2835
9306
6896
4472
2670
2976
197
588
2026
4444
457
2680
3713
5790
9554
3963
8301
3964
2468
2990
6513
15
5486
1307
3877
2239
7675
2759
974
6587
9299
1517
1780
9290
3220
2138
729
9985
1809
7737
6404
8387
2373
1713
6021
3942
8727
4350
259
5861
5136
8119
2409
397
1601
4523
9285
3314
6204
914
3915
8137
1058
7887
1616
4919
3311
6567
1750
66
1614
396
7179
5023
1443
7852
2253
552
9809
971
8005
3724
954
9488
174
6792
9922
1963
1643
640
74
3335
5938
653
4026
3034
2554
9547
4820
8966
8016
9912
5634
507
8869
9096
1827
7946
4038
366
8713
6770
4395
7292
2095
2621
6786
2737
6292
6792
8247
9943
6162
2756
3696
828
5457
1327
7003
5758
3725
5827
998
9873
7964
8878
6740
3304
3193
9298
6131
6526
8245
992
4863
7518
9196
5693
4571
4428
3046
7943
4085
5949
8560
3796
9691
1816
9482
4397
3454
7452
7743
1790
6799
94
739
7110
3811
8512
7250
654
4984
4830
1198
9229
7551
4895
1027
8648
2893
3120
5236
8288
5081
8834
1355
199
7086
3756
6455
7440
2853
4425
2235
5005
4091
9160
6604
2016
352
6446
6783
5688
9803
509
5948
5976
5929
286
6642
4809
2342
13
9349
5315
3855
3179
3912
4565
7023
6783
4799
8008
7481
9442
8612
4991
4556
5236
3691
2550
5893
4909
7186
8986
6119
7485
4551
9673
3931
8259
42
4984
1426
3649
4525
4299
7968
9433
8660
591
8436
6550
5350
7317
2327
7828
5252
3003
5823
9715
3082
9228
3717
5480
492
4538
1846
145
3334
256
3572
2912
7327
4085
5757
9805
6283
3976
678
7856
1373
7802
366
2247
8204
4037
8968
9537
897
4885
6911
3352
8787
6050
7869
3719
1911
6718
5854
7609
5999
9209
5085
6204
6363
232
9744
3880
2739
4720
4192
4985
3953
8794
6773
7111
2063
600
1946
3741
570
6439
6165
4917
209
4929
2655
1875
8859
3774
9025
491
9210
2108
9539
8788
8930
6371
780
5794
3327
9211
5416
2584
9715
8965
3854
1454
6080
1991
7642
5906
3980
1280
1699
2327
7116
2610
4645
4090
2496
3814
7822
174
694
3672
3972
3336
5391
4381
5932
7377
18
5615
4208
9097
1169
8753
9854
8171
4204
7049
5656
7371
6426
1203
4332
6298
7115
96
7172
4103
1752
3291
353
573
9836
5312
9017
376
1839
1686
1131
2263
1045
3254
4129
3608
303
8373
7384
763
2029
2270
2684
7431
2215
9041
3029
6480
5617
4573
7339
5454
9867
7991
4934
2404
773
5181
9025
6614
9765
368
2862
8282
7118
782
5696
2294
1365
5054
8233
3854
6136
8099
8892
7914
560
4027
2840
105
8315
3830
5516
4194
3423
6517
1155
9954
7991
720
4697
5772
8211
8775
2352
2350
151
6857
2136
7377
6151
2771
683
6208
5939
7736
6797
264
3995
9654
5342
3126
6146
3186
7346
4086
3872
6280
3445
342
4421
3707
8208
1911
8429
5638
2259
7869
4477
3314
7632
8587
1783
4488
9323
6246
8033
8428
2638
5121
9281
4040
1574
3861
2769
4914
8244
4308
1576
1978
7132
5295
2033
7811
835
5267
1038
6675
5865
4612
572
844
8081
7106
994
6889
7365
63
3039
5273
261
4398
811
2784
7479
9137
4534
163
401
9666
2336
6590
7014
5408
4933
8633
3084
577
5687
3710
8760
1117
1274
7161
4344
2034
4911
7616
1458
1948
4947
7515
7490
5863
6525
4335
1845
2931
2948
3383
2284
3290
6428
4856
8419
6917
4959
6261
7316
7911
3206
6277
3037
9584
507
7680
7995
9337
8341
5006
8999
7401
2967
7347
5005
220
6314
7844
6741
7511
9654
9249
639
1845
133
9269
771
964
9776
315
2875
6001
272
5738
3977
3263
4497
8692
9578
3304
7549
326
7954
8648
5869
1205
7719
687
2926
3532
459
7081
3894
2082
4995
3234
9771
8556
3652
5364
3473
7499
3715
8072
6561
1888
9242
6347
5496
3032
9354
504
545
2512
9166
2660
8831
3571
8659
5079
5379
5549
2950
3923
2483
7777
4662
6803
8239
8667
5372
8875
9656
1647
8524
172
4409
2073
561
6369
8000
8260
559
6236
9866
5402
1175
1674
2788
3270
5335
386
4867
7337
3771
7042
2281
8226
8234
6049
4036
6263
4028
7965
7046
6275
3358
2002
968
2794
7924
9087
7474
7329
5149
3492
7861
7473
7526
6204
6271
2269
8624
9851
3169
9488
2515
3301
5161
8239
5594
3818
2803
4699
1070
6076
7573
9625
6760
246
2869
3825
6264
5884
1569
1763
2057
4404
4469
4080
6592
564
9760
6975
4145
2555
3554
108
1757
1073
5481
4971
2413
18
1352
2512
7367
5396
6975
2218
7390
4400
3376
4820
4657
3657
3842
7328
7941
4205
7510
2189
3879
883
2523
2034
6133
5494
4193
7678
2491
6377
56
9842
7152
1819
4202
4407
1770
1126
7890
6903
4155
5104
2044
4428
8001
7208
9982
2207
442
7679
5461
7616
6848
5624
1965
6634
3821
8158
4068
6415
2069
1523
626
2965
565
6361
2612
4743
2177
8246
5453
1403
8832
4971
6879
1898
1211
4141
6524
7673
3929
8122
2743
4761
2226
8600
5477
3296
311
9616
1374
4132
4643
6256
8827
70
7702
5958
6111
3521
9097
781
5391
3364
1196
1917
8997
1199
5911
2250
2074
1265
7755
8792
7503
8845
5820
4494
4774
9179
3959
8089
4436
2604
4101
1394
3666
1923
2407
5801
6535
4869
1716
3573
4623
7907
6647
4992
9779
7624
9615
9417
1030
2461
7008
6866
1899
649
4834
6872
2747
9878
2241
3036
5108
421
9510
4976
1485
6254
4325
4166
4558
8027
6457
6546
4348
7675
6337
2707
534
6905
7424
5996
9799
847
5764
9896
4881
3746
2680
8707
2806
5720
8142
9732
4688
8359
3052
901
8438
2178
8400
5120
8727
835
8051
1473
5648
5380
9798
3870
4651
6823
6212
9717
5521
6801
2836
4761
7474
4240
6295
5391
727
566
9023
6347
2325
7233
466
72
5457
7124
6879
3720
6992
5720
3097
1245
7579
8854
68
911
2262
1320
1318
3067
7289
4655
31
9127
563
3001
5957
254
8995
3106
8004
3528
5924
8264
3986
4038
5725
6252
3812
3726
744
8182
6126
1639
7770
8599
1317
5711
7399
7111
5733
3193
9869
8380
2895
5397
5176
404
7595
2585
3656
664
7838
6478
5557
5939
7781
1138
4646
4381
2059
7801
1343
7777
8169
5582
5514
7832
8976
7940
7652
2792
1788
4285
9921
9750
3971
7169
5267
3562
7605
8146
3653
5490
7290
9535
9371
3368
5895
5140
2317
413
2784
217
9156
1610
7819
9924
7369
5037
2363
5878
6326
457
5349
2476
4721
9023
8550
8192
2996
6063
168
2188
2680
3562
12
3255
1995
153
2687
6387
8496
4254
7463
2061
5085
313
4796
4701
5253
9014
9808
9749
7102
9804
2501
3231
3379
8111
2918
3818
6518
210
7059
4974
3526
5888
5921
3990
5449
2742
5766
5441
77
6241
2386
8938
4607
6539
6010
4905
7034
6423
6284
7552
1192
4749
8740
1240
562
6256
5116
4957
261
1750
9965
9793
4918
2298
5077
5968
2554
7297
1436
9220
1055
9063
5654
1181
4299
5943
4129
4750
9635
1841
3531
3390
7000
2536
663
2813
2713
8202
8184
4537
7714
7118
5299
3477
867
7748
4056
5874
2836
5049
2635
9644
5002
2188
6687
6549
880
673
8638
4441
4619
304
2684
8300
2277
5351
155
767
6774
4870
5920
6453
6706
3170
1514
9421
2516
1116
4833
9928
938
162
9368
4779
35
8784
8220
5438
2735
5350
9411
9443
6294
2357
9398
3582
8784
4428
1082
1825
1405
6531
1124
7027
7189
9417
8916
3099
2487
6504
6153
3470
7525
98
1657
2477
6285
5144
810
8584
3957
5562
2768
2244
2305
1606
1479
6633
9446
6668
8475
6504
705
8480
6360
8959
1528
2765
1982
81
1720
7034
7411
3033
2695
8472
4970
6518
5874
2609
9837
7265
874
8842
43
6625
6728
4764
9007
9271
8010
3742
228
1510
431
9213
7197
7785
7274
4752
4170
6553
8826
1147
5031
931
1888
416
8166
5258
5378
1994
5003
6014
1084
8163
8650
4431
5668
4201
6966
8570
1207
3709
1277
4630
6723
1093
7971
832
2455
1278
5239
2332
1929
1403
1337
2330
4289
442
3936
2763
804
510
2335
7814
4991
7917
5643
4832
5355
2992
367
189
3407
5125
297
2124
7320
3534
29
8669
3357
4850
1057
6386
3013
5779
5937
4838
3741
2802
1738
2458
5054
1186
8691
1811
9833
2405
3784
6095
2737
2466
1880
4200
3778
3651
8891
8618
5286
8665
2487
9068
4806
9312
5920
4848
4766
1470
9593
576
2154
4347
3237
3270
7905
4799
8757
3516
6219
6824
108
9852
8579
2257
1958
3422
5945
1171
3274
9496
5223
9512
5477
3456
2952
7083
7365
1539
9927
1184
603
765
5406
9893
250
8264
8471
4291
4549
7510
7161
750
6983
7864
3057
2848
1463
4247
148
7398
8470
5794
2001
666
5903
5869
552
8894
3486
979
3133
1943
3677
2802
1762
79
5177
5794
177
1696
7421
2650
9608
4129
5679
1291
3853
624
6795
9971
7897
3986
4994
1592
1969
1460
5688
4409
4754
6023
2745
3909
5261
6383
1312
9842
2771
1729
3947
3139
8232
7564
2558
9771
8477
5757
2431
2462
6753
5422
7518
6628
9137
1145
8048
3905
6686
1643
2535
5200
7381
5036
6290
5310
278
6550
7671
2876
6684
714
1456
2649
9594
2884
5986
1897
3191
4273
7003
9136
8740
573
6488
1313
1898
6746
9205
5078
9132
9550
3166
8839
7709
5015
2766
4915
4584
201
4959
5314
4355
7312
9504
386
5449
3509
4068
6941
6705
1640
3752
1275
3591
5459
2479
3018
4462
7940
603
7677
2435
2781
9087
9356
7758
7302
5635
232
8857
9604
2300
63
7652
4070
7237
7269
6172
7079
5511
2911
7045
9137
5194
311
9974
556
5309
5962
12
5262
1631
1882
1090
1371
4830
5666
69
7731
2982
2057
2403
2831
7115
9108
367
6167
4086
2712
8807
2443
5864
5616
1340
5838
8067
912
2042
4985
3469
5415
3799
9249
8121
5380
4678
3467
8711
5523
7991
1365
9839
2495
9996
7564
8996
5590
1621
4273
5204
771
7029
1586
4521
8873
2353
9605
1896
5249
2529
6562
4249
6036
2792
9545
4035
5755
4090
3498
6079
1980
8461
9735
2992
5478
1227
7389
6087
8391
1774
9911
9411
8786
3623
4052
4224
7208
7517
570
59
9765
8344
4344
6365
2698
7843
6516
5656
5387
246
2851
5070
2339
7290
573
8299
9778
2351
598
3957
9208
833
3318
9626
8521
5449
3866
3065
1063
467
7125
3348
4445
8672
3681
5086
3818
8341
5362
8278
8837
5312
3048
4856
9608
6945
50
504
4530
628
1485
6982
2137
9360
3808
5815
9808
913
8960
8986
4501
5073
4403
6036
4577
5564
3763
9860
7190
9373
2725
5395
2743
6429
1411
6400
6458
6832
7511
5551
7246
1175
4147
2215
5753
1880
2632
421
6691
9941
3096
6783
5413
1972
5271
4441
5026
7034
7667
4442
8315
1379
5805
388
8215
1926
9247
5706
1674
6080
2713
5398
4335
6305
8781
5770
7686
2788
8339
6312
6065
6448
290
7606
8218
7604
3812
7992
6999
2659
4910
9523
1226
2313
3966
719
5722
45
2512
9573
9113
8822
5561
5332
4117
7379
484
1694
1709
4761
4636
7215
8825
3308
1734
965
9075
5745
1309
2788
7310
1668
6494
7851
1825
2301
2851
4616
2489
159
4991
3843
9159
1982
8344
3785
2346
9145
553
3347
7309
9663
755
658
3499
9824
5224
9225
3582
1536
4740
7669
154
3542
2460
1865
3707
796
992
266
2389
6496
3971
4159
2677
5554
469
4645
221
6591
280
7276
1773
1954
4308
3408
2401
1702
7078
4616
6984
8021
7755
2778
1368
1110
1928
3817
6497
6242
8923
7502
8333
4357
8410
9210
7468
5391
5702
2074
4911
4285
7257
9594
4767
4598
6651
9412
265
3519
6567
8728
6878
5178
4168
624
5203
6143
5657
8401
6671
8225
787
1994
7167
8837
9618
6489
7227
8479
1902
7820
2565
8224
4166
4859
5415
7470
745
234
5393
3694
2832
4517
8417
1453
3940
9647
3589
7449
1082
7879
894
2139
8454
1937
7059
6046
4426
541
2991
731
3256
1033
3835
178
87
7444
1879
8269
1518
7999
3296
1959
4312
807
2017
7792
1669
284
7904
1471
9875
9709
1847
6337
8126
7242
7397
6832
861
3717
7104
7262
5016
577
1893
4536
4292
5423
3440
5920
8725
827
2835
9329
666
9289
3559
4176
7573
3533
3240
5380
7982
6672
6557
1794
9451
1225
1177
2996
6320
9427
9664
5175
738
9849
2944
7651
2543
6942
5078
6486
2312
775
4866
576
7198
4025
7097
8653
977
2015
5173
2675
8182
9498
7226
4263
7136
4795
9899
6020
8245
7886
7480
8846
2015
4089
9250
9689
5893
9095
4553
1575
273
4277
3380
9195
1779
3452
62
8871
6301
3544
9029
1273
5129
1992
4565
8934
5054
3145
959
8282
7294
4373
5531
7704
715
195
4644
8971
1987
9306
1980
9249
9014
5084
9149
4877
4274
4879
967
6111
1544
7183
1651
4110
2903
8665
3618
7593
2861
4943
7538
6779
3018
9982
916
6516
3715
9041
2547
8819
8853
9203
1918
7431
6217
9701
5866
3480
8463
1493
9611
1821
9274
1818
5669
2233
5060
4856
2098
8278
5102
4016
1001
9347
2031
4868
9311
8170
141
287
6487
6904
1210
994
7941
9814
6194
5328
8788
9500
6466
1859
9787
6652
109
7214
6265
398
7179
9362
1215
7439
2826
3546
5784
3384
8690
4005
3926
8959
1104
9698
3117
7091
9262
6346
9725
4270
7756
298
5877
1040
5665
1924
4483
1984
8707
7585
440
5163
1913
9564
9003
4595
7693
2755
6788
7066
8260
5438
6956
6362
1931
8953
7731
3783
9996
7763
2623
3756
4571
7021
1449
7281
8131
9515
3593
3965
2253
7658
8787
5488
6535
9054
6155
9493
8592
6097
9274
3074
2598
1030
3540
9330
6909
7964
2284
8767
983
2457
9748
9723
8023
7417
2306
8456
2546
1345
4115
44
1442
1232
9750
5827
2989
7764
4350
1768
747
4945
1252
4807
8318
9717
8215
1066
6514
9688
5906
563
6677
8732
6554
8026
2578
859
6390
8315
8627
2515
2860
8001
3968
2252
6401
1724
437
4588
7084
3096
7329
1783
8376
5111
7469
3263
3868
4311
7154
7444
7923
6266
7213
4857
7911
7331
3642
4613
3917
9101
4049
8510
1658
7482
509
8363
5699
7911
311
2513
3000
1858
3569
6894
1337
7493
710
4506
3196
9126
3400
4725
3373
5892
9705
445
7693
22
7923
6777
1023
9018
3872
9710
5061
4035
3215
6983
264
8901
3858
6247
1719
295
3370
7548
5753
9845
2980
8114
2657
3176
2726
7511
1021
9226
2045
328
849
5611
6294
1719
5907
2200
2459
8385
548
5636
6693
3861
2641
2087
2191
2341
2168
4166
8413
9696
4563
666
1675
3834
8930
4510
2742
9089
3885
5166
9206
934
7991
6645
9152
8016
7472
1188
7907
8199
1233
1731
1491
4148
2069
3333
8839
1821
3410
4908
9777
2154
2921
7776
7321
2249
7862
6850
934
7362
2242
3568
2033
9168
2469
7114
4281
8898
6470
1894
8964
6213
1064
4762
90
5955
3747
5075
4791
5311
7978
4293
2041
3298
5585
9548
6748
3024
5931
7370
6898
4666
9156
9594
8549
3782
9954
3361
7213
5183
9141
1074
4458
7385
2536
4203
5385
6421
603
6912
6052
663
7701
1586
9903
248
6815
8615
8761
5660
4199
6978
7076
85
8488
557
7750
9257
516
7490
4087
715
3359
6299
5219
1576
6890
3096
1675
277
7564
8705
3686
3082
2035
3205
7287
560
2759
8104
2319
2751
4763
3104
1995
4262
5418
5265
5905
2180
3206
3271
7014
311
7272
8428
8502
3045
6821
7079
8148
909
8318
6172
6365
7755
8895
4877
8957
6418
6351
348
7205
5725
9716
4979
5998
6720
9461
5868
5355
119
3133
4552
1937
192
447
6575
4910
2457
1681
5922
4864
3927
4586
8981
5422
4974
7982
6297
4623
1318
4701
8108
7201
3109
2597
1421
9487
5667
9985
2203
5810
3000
1048
6165
8992
928
7511
5580
7823
1384
5187
7560
1249
3221
7887
1351
2398
7769
6616
8286
5560
9261
8988
8297
5761
1270
2350
1116
3655
322
4228
8641
8152
6984
5422
7335
5367
2875
4293
5982
5314
9305
5622
4627
7073
9536
3806
5142
9087
2029
8063
2450
3715
6444
6853
8198
4186
7672
9776
5403
7724
5718
7816
3434
729
847
7027
7589
669
4115
6468
6488
4580
3107
8545
3487
5942
1527
8766
5455
91
9132
2369
3338
3316
5444
7291
4186
2299
6630
6491
3555
8680
24
7781
554
8156
4851
6013
5162
4779
895
699
8945
8862
9092
1992
5769
1282
9329
9287
8725
7865
1072
9686
3100
4990
1913
8043
2946
1616
7555
6378
565
3510
4357
8077
4047
2616
2127
1492
7907
8219
567
8281
5809
6868
7475
4183
2400
4827
619
3762
3318
267
8084
6106
8643
2367
3764
5492
5198
1019
5715
9545
7428
3939
5097
7601
4875
7653
2548
3617
6702
5009
7029
1279
118
4701
9383
3727
137
7601
9184
6719
2626
605
8774
1987
1294
1198
2862
7049
1915
4935
5479
8778
3921
3666
8701
705
261
4478
9109
8160
1361
8030
8661
1177
7960
279
6367
2326
601
3410
5979
5591
665
189
2744
2787
8954
960
9214
6053
3043
4005
6072
8498
3893
8100
9016
218
5533
762
6800
3596
9038
6885
8766
15
3446
261
2392
9981
1813
4826
2698
9983
167
3379
5719
2391
759
8973
7655
9159
8725
8260
9830
6212
3042
6595
7098
2965
8477
1939
3987
680
5139
8263
8512
4037
6178
9467
8348
2697
2221
1672
7836
3441
3178
5129
7173
8942
4235
7008
7043
6232
3017
2795
2945
6473
9201
7189
3520
7779
6175
5000
6286
4525
6726
8794
2368
9826
1224
2809
9047
2690
7238
2008
5250
7717
4152
1045
458
3173
4959
398
1943
2738
113
5941
8724
7334
5123
3840
3193
6023
4353
4798
2942
9189
8430
418
6043
2955
1584
9708
2727
1086
8274
5622
5231
9538
5552
9926
5432
9234
8718
9652
6820
4640
3065
9941
3338
9300
3758
6159
2676
4604
9229
2842
5704
4749
857
8241
6929
9125
3163
1021
3053
3133
4269
12
8060
9873
5937
8815
3580
8024
6163
4564
2727
5787
5000
4123
4072
6787
6044
1651
9990
1496
1857
8597
205
6884
1495
897
7039
7806
2244
8465
3620
5903
5728
8870
79
5701
564
550
5650
3021
9970
825
6496
7807
2845
571
80
2074
1184
448
6938
3752
4972
3285
9834
8952
8122
3413
8444
8384
5454
6538
4954
8497
1248
3077
2252
4282
4484
3809
1770
8611
4500
9135
2424
2504
3546
2306
5636
1759
9431
2547
3914
8024
2336
6180
2119
6574
4720
2564
1217
8800
2237
6947
4014
4750
6561
4181
1232
9915
8133
5664
4083
919
7954
6814
6466
6743
2790
3951
5886
5715
7376
7543
7217
3582
584
3410
7599
4713
9873
4741
3867
6696
9825
5529
6196
8436
6059
387
2922
3217
5431
6625
1870
1139
7031
1911
2924
9851
6221
4913
5098
8546
5722
6873
8871
7829
3572
9256
1204
7252
7687
6308
6284
3054
709
1675
9830
976
6830
5042
8543
2883
4379
8189
9178
1365
4088
9819
3634
3503
3167
5049
7417
3538
9575
8543
8935
4320
9217
9946
6128
9076
1186
6464
5174
8339
2608
256
3188
1638
5192
7624
3194
9957
151
2894
4947
2918
6801
2386
9657
4116
2859
2847
116
9119
1224
4372
317
3277
8850
9961
213
651
8232
2606
2000
1146
942
6044
3981
245
5726
7223
6922
4597
692
6862
5636
7179
315
9524
5469
7744
3147
6096
9347
7810
5423
9721
6091
4613
9056
829
4819
5106
9923
8189
3425
9337
3801
638
1365
2382
2808
8535
8283
5344
4814
4852
351
8919
1911
3319
5651
7470
1728
5059
8394
7682
7180
5737
9313
3442
6021
2425
6205
7810
1509
3086
4244
3686
9415
1884
441
7095
4642
340
407
893
2790
7803
8471
2126
8158
4649
4076
3295
9861
8151
8424
6311
2031
4085
5328
8101
2379
6768
9402
8455
5794
6454
2830
4022
6128
5806
9254
7104
9797
6495
9563
4352
9452
2892
9777
8341
4574
2288
5601
4536
8589
106
1739
7235
8831
4183
6593
666
6557
4325
4595
5635
9050
2089
9071
7870
4864
1023
8302
1501
6235
9417
6223
20
9783
6075
7077
7480
7786
4521
254
4713
7462
2659
7529
8904
5034
2943
9987
9970
4622
2805
5998
3924
9421
6294
4809
1596
4104
5675
2530
960
2846
6070
8624
2645
7018
7137
1333
1171
182
3255
9925
8948
5756
7714
124
6139
4478
7004
6625
7124
4623
8459
3229
3460
7833
8232
6779
4047
7349
6848
5839
5439
3484
6450
8840
9199
3235
7245
9289
8582
7077
631
7557
3850
6194
3019
9744
4088
7663
7466
4175
3525
3441
9880
5188
2024
1401
2798
2052
2697
3097
2498
8084
4387
3496
4574
1337
3141
2453
8993
3596
4750
6365
8133
8831
9914
1165
343
5753
4677
4541
7134
1670
1386
6133
4300
6435
9616
9338
5969
5969
2284
7311
5873
4575
9448
8759
1966
4044
1187
6226
8951
5443
1411
680
8201
6360
6411
1449
6144
2410
5569
9797
246
6826
6742
7776
6390
6068
5540
1364
2675
2586
5958
8390
2436
8082
9665
7210
3641
1915
2576
1743
2717
9678
331
2054
8342
6375
8780
7431
4747
7122
1616
630
4715
5852
4979
7815
9561
9095
7982
8614
7155
7609
8922
4639
9294
3337
9190
2880
6591
2994
837
2417
2462
2442
9137
9075
7741
7919
8521
2830
4019
1194
8817
7036
6863
5766
8839
6909
9757
318
6093
7043
5818
3836
4572
4243
7115
4031
7483
2429
776
6978
8062
986
6979
1289
9645
6546
6375
4529
5590
912
3539
3082
769
4596
8657
9212
8949
6273
1760
702
4561
3339
2608
9096
3144
7732
4557
2324
2018
4178
2606
6284
1665
5108
4238
7817
8691
7641
6618
8435
3286
3216
5274
4146
7629
9755
7446
1771
6832
9530
7984
6259
703
3328
6861
6686
2852
2956
5190
838
3494
9641
929
9611
3656
5454
6424
2795
1461
8565
7360
7240
5650
772
6751
6900
7561
7606
8198
1776
426
7050
9777
9423
4032
2884
3671
8316
3534
2557
6918
7167
3532
7560
5515
8008
2406
6307
7497
3789
7322
5711
612
3117
7354
7823
6735
5765
696
2172
8236
2631
2102
2801
1221
2922
8350
1336
6747
9543
2794
3934
3908
874
4887
438
8048
3433
6916
8654
3232
5287
8151
5322
623
4492
6092
8044
3398
323
5586
9193
4471
7618
9182
3690
5424
6163
6317
7375
3776
7713
4643
1719
1008
2995
4147
3572
5606
9823
3584
5785
3775
1332
9165
5643
5485
241
7478
3265
4995
1063
8160
1407
3146
7216
6956
1413
3328
4103
6539
7468
4286
2399
642
2744
673
8038
6943
6584
6649
6654
5470
1388
8685
641
2251
1583
1249
6371
2434
4690
3039
7640
3175
6331
2063
8916
4199
6800
5001
8628
3143
6757
5
8343
3547
3516
2391
8490
5651
7458
9509
5008
4069
145
4489
4237
1797
1874
8536
5217
7082
6620
7972
9622
8178
6547
5327
9534
1189
6656
3438
2430
7861
2475
7723
893
3447
183
4603
1815
9599
9072
3372
6139
3572
824
4727
5575
3022
8727
1646
7126
5141
2668
7341
9745
9955
2485
578
24
226
3113
860
5385
4605
9851
4653
3944
6413
1008
9131
9958
7772
8229
1767
2531
7641
1879
2500
3171
2805
9990
172
4649
2816
4489
6472
9662
3488
7706
8729
2796
8647
5473
7514
3426
6553
520
6294
376
5634
1337
8096
1345
4013
7191
8549
1471
8669
9547
5525
5722
3016
3809
3107
9231
6193
2990
1643
8199
3412
6684
6201
1526
4346
4553
2970
9926
5726
3426
6790
4994
5062
1073
3351
5386
4734
7716
6391
1107
9553
8437
3675
9742
6346
5783
5463
398
1128
2061
5755
2102
7967
5091
9663
3476
3789
9530
9920
9570
5066
8237
1794
9969
5557
4644
8393
9479
9120
7585
7763
9015
7960
4632
9034
9683
4636
8625
7372
7448
5643
4787
6513
9293
5455
2578
3261
4304
2535
7291
478
4733
3022
1251
3826
2775
3528
3476
2798
8507
1830
9641
8426
3264
3094
1282
8447
564
9709
4317
5708
3643
4817
2174
7093
4620
3194
8061
8363
5378
8251
4274
4977
4358
624
3800
136
6630
2072
960
9138
6846
8204
3318
3411
5977
4964
6699
8561
3095
6700
8771
8191
2892
8181
4369
9318
8110
8976
7502
5790
3596
6229
815
3270
5334
1066
3165
3068
3435
4622
9926
2407
2862
1972
8676
5513
9402
6151
4957
3383
1311
9881
8987
9999
8948
9605
4378
9333
5719
5017
4192
552
3695
7406
7996
8527
6369
1786
5978
2917
9214
1089
2615
1943
5915
5452
2935
6269
4470
6076
8982
4322
2691
1001
2710
2885
7089
9696
4291
5778
2586
4416
1536
9089
3065
8880
6988
3535
4371
9046
4136
3290
2051
6498
3143
5856
5861
2262
9506
9451
1862
7770
6150
2742
790
105
587
6781
8318
689
3999
463
8785
109
8336
9000
9070
6928
897
9497
3324
5011
3205
8974
2535
2141
2481
7949
5055
2521
9526
7049
5573
7135
6384
5009
364
8872
829
3913
6041
3840
2415
1538
7576
6324
6573
1288
8854
2524
9111
7329
5663
7330
3327
6289
6693
9210
5918
7140
2848
554
5891
7760
8979
4720
2748
40
4997
6443
6366
5413
5267
9315
1197
9171
6157
2536
1689
5089
1663
9356
4146
1461
6152
1217
2634
5954
1432
4945
3034
9389
2598
5099
9787
7969
3398
9981
4545
9352
7228
7750
4506
429
4289
8587
968
3722
8915
9922
5376
4911
3654
4343
987
6135
8263
4028
3152
8449
2481
1276
173
2121
1162
2012
9727
5243
9154
8055
2910
9611
1179
4344
9095
7735
8878
9329
34
6411
3181
317
850
373
5212
653
8943
4202
3050
2346
9210
1874
4827
5964
5412
1150
905
9469
3082
4310
9146
9024
8905
7680
7682
7731
5172
9847
8973
2801
5610
2499
7478
7666
643
8437
763
3223
5983
8424
526
1557
8347
2309
5655
6244
6031
101
4198
5676
114
5550
4909
9680
4119
8170
1902
5198
6128
9628
7867
3749
7534
6959
2277
1984
6881
8147
1092
6773
5586
5273
3545
7929
4722
6679
9790
4970
8484
2336
424
9069
509
5980
5178
7799
3761
3484
3471
8143
3369
9404
3899
2793
4494
2649
3246
5808
4070
7863
8152
6323
6089
1225
4170
3198
5023
8116
7633
9252
871
5378
5474
1023
2412
2738
6954
8905
2254
6374
9108
2906
8465
2574
4643
1322
2745
985
7003
3152
4376
5000
2382
217
2529
1563
2559
1643
6872
3813
5602
1605
7907
7832
3755
1056
3958
9075
9069
5537
1335
4980
7751
4100
7819
7722
3596
8886
7329
5118
9367
962
5412
8264
2523
5632
988
1677
8336
9666
9737
5395
9073
3587
8393
8812
2689
4532
7306
2836
8248
9017
646
388
8180
439
9814
5226
9372
3089
5801
5605
6113
3072
518
2386
7927
6603
5445
857
4470
7875
8337
1773
7816
1946
5190
9863
9714
2869
5175
7447
7677
3720
834
6671
9147
3068
4481
6371
7383
1979
4442
8586
6219
6661
1546
5360
3376
4534
7112
8599
3653
5663
8551
4509
3938
7256
7684
9385
1788
6243
9872
5404
8062
3837
9144
3445
2003
6399
5653
4961
4040
8945
6987
6454
7622
1202
4144
8181
6396
1222
6289
3399
7175
8288
5828
5676
2320
5065
6760
9559
7390
8791
4828
4259
1201
2647
7514
910
5821
1430
5619
1429
3429
106
5840
1030
5470
9925
5535
7076
7070
4370
6705
4053
6301
6451
6092
8221
3557
9538
2274
5766
1022
6320
8633
5102
6041
4282
3175
7408
5029
1585
2293
9449
6514
4205
5799
9239
2871
3764
4806
8248
351
5607
2364
3455
6150
8380
9156
8823
9398
9595
3019
8516
213
6510
1565
3552
7248
7996
1740
9463
9531
1041
8859
5047
2817
5001
274
1282
4146
7819
5688
5105
882
1002
6891
4899
2071
4406
4621
3257
687
7557
9203
7870
5016
1618
4626
3243
6266
4932
2808
4336
7338
5555
5941
8214
4609
6163
9
1309
584
307
1837
7999
304
4088
5377
874
8518
4047
293
4256
7798
288
7411
362
15
3685
1076
1808
4889
7388
8051
5069
9693
5798
6254
7013
3603
8660
4301
594
8688
4019
4623
6467
7075
1373
8728
4366
430
5585
3087
1869
3578
2837
8084
8426
8824
2240
464
9365
1318
589
1817
8040
8700
3185
1763
4195
141
657
4724
3211
934
273
3408
3959
8783
361
506
2653
7106
8147
2435
6326
8787
4580
5482
2315
1090
4505
5161
9509
8729
6947
4220
3006
7447
8201
3346
6309
4884
9904
1346
4203
9016
5373
8333
5079
6959
70
6278
3609
8583
6287
6196
3397
34
7866
161
4532
1996
8101
9397
2789
6339
2838
6741
5654
2637
1235
2945
5311
3001
8630
1452
259
9605
9557
5596
5323
4393
4047
5461
4497
4511
7062
9064
2253
219
9154
3942
6747
4261
6252
788
2702
2965
7863
320
2650
9715
5910
8231
2679
858
939
765
2888
2594
8462
5242
3311
4949
5889
5667
3274
5532
9616
3474
5831
1472
2661
7378
9225
2642
5492
4375
4179
3095
6616
5952
9189
490
4912
9756
6022
5209
2694
7163
4091
1856
7069
1441
5526
5879
7256
9549
2384
7158
7259
3011
3689
594
6502
9730
2748
938
5867
9155
4564
5448
2955
7783
9041
3268
8317
617
8190
4884
3921
6907
4538
8490
6165
5273
3550
2634
8393
4146
5060
6145
2044
8322
7373
6992
1330
1434
3040
1489
3642
7112
7109
4040
6766
8708
7102
5474
4428
8610
8890
4980
3691
3352
4236
6579
1297
13
3801
6187
1147
2731
4124
9371
1853
5518
8278
3123
1485
9075
7688
7182
6507
4755
6957
1748
3234
8464
4442
8784
3098
891
8792
3548
7520
8176
5711
1438
4222
8910
9766
2836
4481
9154
3282
5213
9971
7087
8004
7432
8631
2853
5570
5950
1280
7147
9625
6375
4607
4227
5854
6747
1567
1131
6145
786
7256
5098
9672
366
6869
5475
6742
6529
2495
4689
926
7425
7171
5301
1223
9791
7900
6559
8776
7772
4113
4439
1998
9214
4466
3705
9904
4915
2785
9177
5884
724
3477
6097
3197
5902
7792
6258
9069
3672
4943
7381
6431
1514
6291
8121
1039
9437
6537
41
7033
4180
3197
905
5806
6114
4492
739
1477
3469
6247
3211
1245
5418
379
134
393
1571
1120
6139
9867
445
249
3889
8955
3617
9314
7612
6846
5416
5040
4178
4628
258
3968
6475
3617
1042
3732
3395
6829
2346
1321
4403
7873
1637
3172
4372
5582
139
8020
6105
3275
2617
1028
3834
8739
1878
6952
842
4696
9516
802
8349
9834
9144
6810
765
7324
2146
370
4557
1133
8867
3079
4077
438
51
7970
7901
8966
4368
646
3537
9181
7862
2098
6641
902
324
719
3301
151
1713
4256
406
6828
9033
7261
9613
9124
327
5992
5032
8529
7860
627
3361
1741
6924
4184
7950
4809
261
8598
4990
467
570
1004
891
1742
5245
7519
4799
3654
8107
7516
9141
123
2677
8722
4114
5012
296
2354
9134
4675
4293
7934
5351
4328
8302
9418
8617
2101
2820
7874
1478
2738
9163
1030
6161
7538
4067
6720
7881
8385
1360
5520
9259
1486
9389
7653
2149
764
4138
650
2789
1792
8397
7163
9768
4601
6700
6854
2083
7741
4295
2328
6257
6561
5911
6721
7372
5841
6731
9738
8733
621
3640
9673
8848
9364
9545
1287
2419
424
7385
3278
4125
6216
3294
4502
114
9432
296
5154
2337
2206
4937
7621
5111
2203
9243
1898
1636
9282
9572
2114
588
2602
2056
3988
9352
806
1584
7832
983
7289
7571
8110
6573
8444
5121
8492
3333
5269
4617
846
1393
7725
6250
7683
9127
6863
8566
176
7598
1864
1690
8097
9640
7889
6599
3732
8038
5891
1512
9174
283
7396
5301
5259
4457
5685
5665
857
1967
9750
6728
3218
8015
8955
6741
3658
9989
4413
1575
7980
7285
7763
3835
7721
3444
9227
584
6563
2969
4647
4902
6084
684
5511
7816
6346
1092
6908
7480
9839
8816
5815
1926
1712
8932
6151
175
5371
7752
7634
4070
69
451
2629
9776
6387
1833
8904
3584
6180
474
6477
1397
5923
4507
3611
5053
6266
9381
392
1521
6019
4093
8318
2924
5816
2565
846
6325
5271
1132
2946
2271
7544
1422
7381
183
6945
320
1615
6876
8457
5120
2083
1714
2848
2556
1872
8217
7459
4910
3772
7268
656
5089
3136
1543
7454
5245
4017
4225
4897
283
7654
7631
8373
8443
4509
9004
4269
6007
9822
1374
92
2179
7890
7142
514
3158
2158
837
6675
1543
6592
5353
6513
8323
8780
2904
5884
9930
6767
7920
3824
2087
9676
4148
405
5520
6870
2337
2342
5997
1615
8073
9750
2604
2968
1546
7283
3693
4004
2338
4243
9518
5348
2688
1186
4205
511
2111
5084
7433
3492
4722
1125
7930
9784
8186
6891
6771
8991
9814
3832
8297
1075
988
1699
496
8460
5869
3927
4628
3101
4098
5837
6042
1044
92
2938
4194
6944
3446
3651
136
7559
5955
9322
3992
6338
785
4497
3268
861
8473
2177
5232
1134
2591
1959
3074
9500
5135
3832
6048
2288
8021
6745
8389
9235
2416
9023
454
9167
2058
7190
8216
9477
216
842
4026
2525
2473
3823
2384
4238
9135
6158
9346
8936
1751
6943
3152
9641
7947
5704
6695
5033
7594
8636
9494
2577
1173
6523
8014
2346
8148
3205
8360
7574
9120
6973
4641
6092
588
2425
9640
1443
5286
6988
1816
3699
4177
4596
4099
7778
8495
8777
5493
1422
1454
8828
6047
5880
9662
5673
9428
9842
3665
8495
4994
1168
5553
9319
3088
1585
9086
325
3048
6658
4446
7884
3360
7076
5354
8045
7321
7572
1053
513
5588
6645
9455
2056
9093
3651
596
5694
1926
9816
1489
9047
3992
6242
4426
3753
7540
5084
856
8034
9956
9728
2053
6152
7642
6016
5980
1733
2224
9371
6981
6810
879
1981
1228
4736
7125
146
6232
3122
7083
4345
7126
2424
8910
3618
5928
6873
9879
1440
2539
7070
6399
2457
7836
7764
7180
8128
9914
68
8687
4639
4232
4708
5050
8286
7249
1739
1678
1918
991
2636
2966
1034
2893
2663
9696
9631
1274
4962
976
4010
1837
2972
8940
7410
4694
4440
1760
9537
4607
8562
2035
2876
9347
7592
3105
1979
2402
5653
5428
2867
6592
393
8803
7122
4610
7662
3915
9301
959
5433
8475
6896
7331
819
9017
9209
71
3230
9337
5252
4044
7475
504
1041
1963
2896
5399
3526
2043
8552
2788
1787
9675
9852
2130
6099
789
9079
471
2010
5510
794
7077
9677
795
3248
9789
8333
9836
8589
9447
2021
4186
7957
5219
5481
1812
2312
4173
8432
566
6266
2999
2417
1930
111
8460
6813
4324
4718
5825
9673
8739
5097
1322
4650
2008
972
5481
7416
4655
6961
9116
3697
906
693
2660
6348
8223
4493
2588
719
2466
5146
5732
5987
2721
6729
3434
5086
6679
3428
2718
7413
3492
2896
873
6564
6071
5796
3230
47
8873
3856
1265
9096
432
7042
9632
4529
2122
256
6257
8920
5904
1332
9177
6268
4218
5065
7481
7821
4577
2489
1389
6735
9905
700
8299
4856
3222
6138
7432
2069
1889
3435
5621
2361
2283
2681
739
1067
541
292
7276
4562
8770
2521
646
7124
9017
6100
2976
9615
9193
7511
3299
1199
6152
930
9360
8389
1147
5042
6586
5376
2031
585
2124
5822
4709
3747
8353
9083
3612
5366
760
3152
7253
2234
9662
2555
274
4773
3902
1870
7840
4821
7349
4596
1699
8372
5787
2686
9799
698
2640
4213
2939
5502
6836
5356
2632
5483
5085
8203
4072
9025
3878
7664
6896
6586
3559
9252
4328
806
8003
4406
8159
6359
8601
1618
3057
9135
565
9669
8706
9460
2838
3975
2432
770
347
8252
8087
3375
8755
1480
9266
2802
7381
4525
6169
3548
5577
1638
5827
2038
1442
9569
4810
7071
9502
1035
2030
2103
5721
9891
6795
1363
4062
2507
3895
940
8687
3568
3156
6798
9864
4821
5649
3921
9640
2103
2530
4722
5455
9427
5360
256
5965
8846
8660
4798
3598
1368
6472
2893
2603
7280
4696
8139
9684
3899
150
4614
6731
4996
5413
5160
1562
8904
5786
5505
3175
1689
990
9603
2531
7663
9577
9519
8554
1974
8473
2672
1764
9063
3535
307
4663
6365
9564
3737
8907
4789
9835
9019
4106
6222
5859
6540
2123
3609
7854
9275
3693
989
5174
2347
1333
9277
3822
6995
3588
8552
5099
4007
914
9163
5424
5289
2743
2023
2392
7342
8609
3160
6280
7094
3606
8786
9365
8835
9912
4939
7648
761
1616
107
894
1044
9679
128
7257
6287
7497
2152
8165
9692
5231
8486
7646
2380
2857
1708
7820
8885
7695
9638
8886
7064
2092
2444
7611
3400
858
4442
3075
7004
6118
31
2202
9478
9271
6558
489
3263
5927
6931
5261
8084
9883
1293
9763
3673
6471
188
6459
7072
3938
1293
6999
4524
3904
8032
4522
1191
8423
1139
1166
6762
1658
3621
9966
1398
8790
5439
5699
4388
3392
6742
3634
7400
7244
7468
8647
5266
3294
6785
9696
9889
3326
7935
6288
7017
6772
2822
4213
1408
6073
5943
7570
3215
7011
9093
2925
7288
9491
6722
9264
7555
5435
6744
4374
609
5615
3187
4225
6222
6552
5110
7014
7632
1907
915
7625
1116
217
8390
1422
2639
2251
8587
8559
9169
6803
6011
1259
3630
3302
8482
6892
5411
3287
7516
9106
2825
447
4094
7739
18
777
5296
5807
8414
136
4425
8457
2002
6468
971
4455
6499
7845
7044
5530
4763
5542
3763
2652
4676
3417
4474
1241
1191
1022
1667
9176
1203
8058
974
2493
8506
2089
8738
3691
6190
9720
9292
6685
5544
3862
4323
624
3775
6158
9456
2007
7673
4155
2560
856
6712
7392
4177
2050
7044
5220
2947
7344
7323
1855
7929
7106
8362
979
5329
3319
1269
2963
9283
7044
2881
2757
5091
4184
3070
5382
8552
3142
5818
9017
6910
6756
4827
2741
5342
8766
4870
7119
7858
1972
2093
1058
3049
1263
47
7592
3194
9698
3338
4613
9898
9973
7503
3939
664
6774
1941
3566
8576
7717
2562
3489
1615
1934
2180
5033
9044
5668
9640
7281
9765
3713
3134
1913
1586
3970
9258
9509
929
1
6972
6208
9673
3001
4826
9532
9537
359
547
6090
4708
2649
4423
1947
249
4733
1770
8484
7230
9500
5238
2741
5511
4700
4676
1423
1631
4303
883
2033
2337
5884
9657
2919
3977
4615
4277
6401
4175
2665
7788
5630
4992
9987
1277
6314
6151
8823
701
9058
2766
9590
2779
6674
4523
238
9950
3559
2283
4661
5462
972
3660
8297
2307
2899
1313
644
3872
2067
6372
5122
9947
4634
4753
6416
9060
5100
5905
4264
6949
58
1988
484
1449
547
428
2991
6078
7987
4328
6517
8132
7917
3324
4801
2280
9126
2111
3130
7296
3109
5115
3300
1836
291
3529
5263
4979
4929
5332
1072
8632
224
9750
7068
1830
8781
5160
9672
1471
1286
3409
8673
91
8034
4165
9382
8894
3751
35
1711
3485
6078
6939
9853
437
2000
4488
991
5211
4574
7972
5282
5776
4330
6973
2198
1729
5905
5575
235
5718
669
5702
8008
2548
337
8174
4765
1451
4943
5775
7494
8704
900
8798
9954
1042
1345
6355
6208
5112
1492
6074
7512
4585
6274
692
6826
4512
6221
2561
9558
1976
206
6087
2732
3183
481
3729
7228
9747
6233
3351
9431
1126
6787
3417
9238
5900
4559
7836
1165
1920
853
4079
4030
4203
4683
6608
2626
9933
5954
2648
1640
1870
9540
8825
8138
5094
6039
5331
3919
7093
8361
8905
3200
7915
645
7159
4239
5357
7502
4541
5759
9961
7079
4607
316
5988
998
4135
7123
7461
7917
2121
6286
2878
5112
732
4855
8261
4288
5843
2667
5834
3624
2010
2579
4807
7981
384
5329
1498
3127
8407
4038
8356
7872
6948
7126
5276
80
3948
1317
2115
8665
3632
8298
8228
3880
6849
9596
3495
2488
1224
4298
5365
2717
9458
3324
8183
6315
313
2162
4292
1452
9625
1196
1220
748
8040
9060
5649
3297
8036
9814
2788
8155
5309
9162
9289
9540
8619
8414
8896
672
7766
7449
2647
4082
1567
9545
9659
1081
6384
1606
232
2029
1059
3081
376
2076
5963
5623
5703
4125
2243
3448
3085
1905
2369
1242
465
1247
4561
2452
8805
6923
1831
5885
5228
5753
975
2584
3157
4043
8120
8191
3478
8921
5175
8195
551
8602
5919
4791
8316
6243
1326
4414
4644
5650
1227
4465
6586
4833
3442
6198
5265
5163
2087
8310
6757
9701
3942
2393
4493
4198
5484
7041
9503
8163
3460
2197
7087
1490
8726
9075
2415
4128
6497
3888
2974
2501
6113
5515
2799
6533
9953
8230
1970
5428
4243
683
5005
8683
4144
1408
3450
1185
1747
9318
1231
7741
8351
4901
6146
2849
1795
4085
7243
6148
5474
2160
5780
2604
8176
9516
6966
9200
2879
4475
722
6662
8287
1031
2381
5580
8980
926
8362
1197
8842
160
7681
59
7652
9784
7410
4773
2623
9596
9127
163
5032
1257
3797
5297
7100
4228
4550
1031
5778
3959
387
1989
8222
6768
8947
5252
8362
9987
3195
5383
5230
9119
5111
6909
1466
5982
9292
867
4780
3111
748
1617
6049
72
4114
3771
5214
6733
6015
6783
151
7057
8351
6505
4302
4502
7942
8877
6020
6744
7124
762
6262
3104
661
6944
1613
2798
6639
286
6388
5927
2903
4134
1054
1991
6012
2224
4105
2624
6711
1496
1117
6246
4472
7557
7770
2357
3793
800
3297
2347
6615
3627
7037
1818
8490
5648
3553
6697
934
4265
1116
1695
8780
2618
4280
5018
9288
5522
3725
7699
9270
6715
5587
9358
7536
7526
8089
4783
2635
7879
5451
7313
5
5457
7766
5695
8428
7805
816
815
3006
5152
1660
7491
717
8840
4209
4404
5088
1356
4008
2142
8500
9207
2938
5331
4215
9113
2685
9871
5331
1327
452
407
4579
1321
1631
6347
7109
2472
1921
6956
8233
7946
5733
7377
9478
9542
8623
7774
9235
4901
8977
7222
8777
2187
8187
2462
519
3117
9180
9168
2985
1061
279
19
6158
789
5148
9495
1621
449
9800
95
4245
4321
4550
8465
6016
7029
2152
2753
8062
5975
3355
4476
3933
9032
7663
9155
5751
8727
128
9993
4964
2548
4725
8041
1169
1340
1029
413
5643
4248
3723
5382
1132
9170
3815
9482
5738
2265
6321
7090
6738
8695
1682
7400
9657
9507
7183
7179
8964
6294
253
248
9413
6149
7688
6242
1232
4269
3541
1869
8092
567
3722
7642
4150
9629
7204
1835
5280
469
2103
1294
104
3637
9920
5640
8380
8484
2725
7417
7914
2624
6184
5736
6272
8964
5976
5144
237
3096
6369
4558
4263
5257
7515
3376
8920
6617
2358
3175
1769
9211
4966
3749
5997
2491
9567
1680
6670
7164
3602
8115
519
8756
8692
9971
2795
9182
602
5405
3928
4475
2979
49
9472
797
9929
5267
9141
8863
9362
3462
4591
9007
2418
8351
1082
5226
4269
31
5127
6794
8135
5640
8809
245
7424
6500
1570
2921
584
1690
1976
1601
9473
6220
5200
6260
4822
9177
6790
9446
1737
3527
9661
6414
4061
4630
9184
9741
8928
8922
772
4891
1829
7728
5382
9950
8145
3708
1030
3576
9247
9049
2566
117
9958
5198
7732
9786
9512
3653
4828
4823
9922
6141
6188
9630
4140
377
2118
4026
1320
4489
1943
3962
8042
9236
2364
3309
2468
2140
8477
3669
3014
1797
9473
6526
4404
3799
9304
3555
1697
1926
2405
6363
7265
9577
5944
6583
6588
6772
3016
822
6197
7463
5684
2725
1167
394
2858
6132
94
4311
5596
9186
2714
4887
1645
9096
9002
6468
1744
1253
8877
6414
2567
4383
8505
3672
5033
5532
2575
6013
2158
4777
1908
2361
7640
9829
2298
7560
4901
4876
3547
7023
6474
6431
7375
7790
5279
1268
9032
716
2612
8045
283
5727
2459
4679
759
8394
8155
8160
560
1437
5306
2104
9504
9176
4449
74
7406
6469
7922
9433
5412
6179
8117
1366
525
870
8406
7568
4220
5064
3846
3048
1299
4162
6030
7558
7012
4910
5375
5171
8841
154
4530
2741
4349
7565
8634
3134
8015
7983
1694
8409
8067
4096
3468
1461
8989
4263
7968
2009
6598
9478
2903
4298
382
3712
9240
9374
2099
9142
1394
4385
596
8169
1536
5006
236
3538
5998
4774
4376
6350
7789
6914
5926
9321
6925
36
4189
9250
9397
9006
872
8310
6403
6221
8492
8564
7763
6559
1194
7838
7310
1335
1442
8011
3505
2760
5996
8649
5511
577
1136
9947
3533
6838
170
8945
2356
3109
5945
2139
8698
6780
7274
5738
6269
9608
1010
2101
7193
2159
793
7137
4892
2361
9474
8861
1412
5062
4606
1686
1710
2157
5517
4539
8465
9637
5984
3416
3620
8741
8769
638
7030
3265
6933
3707
8371
4080
2166
6407
5749
4863
2207
3626
3343
206
7822
9174
865
8326
4808
2858
9586
5885
7988
9028
3287
1619
2296
3856
7583
8881
669
2736
7779
4523
9727
2362
3670
3061
1961
4266
9480
541
7538
7915
8571
2112
9695
1813
5430
983
5211
486
1979
4108
5439
3706
1321
1723
4011
1875
9635
3713
4444
8075
6149
5642
4651
2997
1857
1252
5593
3664
9971
6272
8178
691
4954
416
5933
1671
2461
636
910
191
9468
8870
6854
1005
2464
1803
6748
1883
1709
8503
1484
1830
1230
4154
2678
3486
7501
4596
5375
4792
4546
6882
5784
1292
9608
5647
5052
5799
1436
3720
2593
6588
2769
8132
1486
8750
9645
9413
4076
5907
2797
2939
8070
1086
589
5937
2115
6228
8685
2751
5167
9550
8976
3974
5770
8763
9156
2118
5796
6035
4778
7659
8155
7469
7621
4494
9528
5913
7777
3091
7252
905
1970
2984
4171
3714
7344
3625
6470
8583
8154
4064
7293
3542
2680
7463
3293
5427
8995
6025
2183
4127
1193
5525
6807
497
2184
6414
5293
862
5213
136
7453
8580
3893
5217
4743
9747
9743
7519
4811
5813
6954
3036
1969
588
6435
9609
1739
2946
5062
6041
1060
9364
1495
3197
5689
2393
6928
1932
2881
2114
7703
6900
520
7693
6842
3679
3532
5260
3248
8989
4628
6521
577
297
9224
9717
2576
1549
3707
885
8104
6413
2142
8700
6939
9016
8979
628
7027
4884
4356
1588
4847
1566
4185
8880
3225
9220
9364
8745
5116
6387
7191
592
7604
5074
3327
4674
7707
2330
4501
7780
443
2557
570
9384
50
5946
9508
7610
7252
3632
421
354
9050
9429
7815
1966
2597
1346
4954
9987
1472
3456
5419
9631
843
165
9707
5920
7899
445
8107
4698
5248
9154
1955
4082
7952
6234
2869
7373
9362
2276
3590
6890
6978
686
4643
5779
7180
2562
8197
1444
6897
233
4231
9900
978
9406
4380
5134
6401
7864
5691
1304
8295
743
9927
8511
8200
8563
4028
4772
1999
4380
3862
7828
3513
714
6509
464
9876
5219
5971
2120
6503
6463
3418
7764
2706
7643
5872
2217
3843
6566
6575
4427
2244
4823
6186
1559
7110
7714
6436
7163
3077
9192
6893
1211
8209
2854
1092
2296
4790
857
434
3945
516
7503
2995
7624
3384
3204
9641
4790
940
7576
1730
9121
3398
7442
3050
7916
587
6724
3641
8603
4680
362
4676
2241
4244
3696
1649
998
243
2058
7825
650
1354
2732
1070
2359
4167
2869
5004
201
3698
2494
9759
2230
977
1296
8500
3200
7457
1541
3398
6529
448
7166
8707
1535
9878
860
9251
9555
4293
6783
9760
9147
3208
6460
4198
6266
3656
9339
4558
23
1119
7532
5383
8455
8880
6325
3737
1583
5297
8187
4282
956
5475
8224
5665
5873
2407
3282
7519
6524
2750
5224
7031
3403
4123
1335
250
500
4036
1209
6105
7055
5407
44
432
8916
9958
2807
3223
5921
8763
2413
4796
6164
8700
7725
5582
1452
4620
3993
9859
854
9697
9144
5909
815
575
4249
3768
1009
9720
5439
7077
4831
4673
7561
7324
2218
2779
6957
7233
376
424
1858
4988
4883
7796
4140
2519
9638
3749
5407
9201
9197
502
3730
6937
1094
4555
4753
3830
8981
8494
2320
1456
9612
8137
9324
5058
8014
894
9016
6906
5549
4088
707
556
4988
6568
1451
7738
5218
2929
7100
234
5723
7342
1932
6233
7635
3148
5956
4408
3777
5154
2953
9204
4898
3837
317
7696
3072
4606
3855
1787
6099
634
6850
9463
8687
4844
2867
5379
7150
5153
6097
4140
4437
7215
1312
9287
1398
610
7942
7235
8371
7654
9212
8180
8421
8833
7799
5353
9834
5241
4065
9886
880
6342
1538
1049
4210
865
7046
629
1818
9722
9652
5835
3989
2462
3390
7261
7283
2953
3673
7160
7296
5748
6218
8570
1652
1909
341
7679
7489
1908
5555
217
5558
3723
1546
7639
9996
6180
6815
400
8783
1207
533
3702
4993
3782
5488
5787
3008
5019
7396
13
7073
2129
7308
9805
1804
8783
9354
9848
5528
774
5646
7852
7746
4850
3824
8659
1387
3038
391
6501
9032
899
4804
1829
9838
5751
5076
6263
484
67
5557
2965
9160
6074
1511
9989
6329
9809
3126
1044
9816
6829
3670
1470
4626
7186
2663
7241
9815
4280
5103
1313
5734
767
2110
4743
5003
4836
6620
9660
9696
1848
205
7391
5386
9588
3511
7824
9925
183
3353
5450
1152
8149
4062
3404
3077
1915
9347
9341
4492
5733
3611
5961
7491
9909
8457
4649
5874
9918
923
2812
5076
9188
4899
4228
5892
6042
6124
7028
4034
2649
4175
5726
6337
2672
1957
2190
2303
4772
4314
5345
6599
1102
2627
988
4087
3513
1501
1165
4056
5308
6977
